circuit_0 = [(1, 1), (6, 1), (10, 1), (15, 1), (3, 2), (12, 2), (14, 2),
 (12, 3), (8, 4), (1, 5), (4, 5), (11, 5), (16, 5), (13, 7), (16, 7), (2, 8),
 (6, 8), (9, 8), (11, 8), (15, 8), (1, 9), (2, 10), (9, 10), (1, 11), (12, 11)]

circuit_1 = [(1, 1), (6, 1), (10, 1), (15, 1), (3, 2), (12, 2), (14, 2),
 (1, 3), (6, 3), (12, 3), (15, 3), (2, 4), (8, 4), (1, 5), (4, 5), (10, 5),
 (11, 5), (16, 5), (2, 6), (7, 6), (10, 6), (12, 6), (15, 6), (6, 7), (13, 7),
 (16, 7), (6, 8), (7, 8), (9, 8), (11, 8), (15, 8), (1, 9), (6, 9), (9, 10),
 (12, 11), (2, 12), (4, 12), (7, 12), (10, 12), (15, 12), (9, 13), (13, 13),
 (4, 14), (6, 14), (1, 15), (6, 15), (8, 15), (11, 15), (13, 15), (16, 15)]
